pos=(0.000000,0.000000,0.000000,),v=(0.000000,0.000000,0.000000,
pos=(57909000000.000000,0.000000,0.000000,),v=(0.000000,47360.000000,0.000000,
pos=(108209000000.000000,0.000000,0.000000,),v=(0.000000,35020.000000,0.000000,
pos=(149596000000.000000,0.000000,0.000000,),v=(0.000000,29780.000000,0.000000,
pos=(227923000000.000000,0.000000,0.000000,),v=(0.000000,24070.000000,0.000000,
pos=(778570000000.000000,0.000000,0.000000,),v=(0.000000,13000.000000,0.000000,
pos=(1433529000000.000000,0.000000,0.000000,),v=(0.000000,9680.000000,0.000000,
pos=(2872463000000.000000,0.000000,0.000000,),v=(0.000000,6800.000000,0.000000,
pos=(4495060000000.000000,0.000000,0.000000,),v=(0.000000,5430.000000,0.000000,
pos=(-28320.377915,6936.501552,-46634.074578,),v=(-2768.819266,-73.834120,-250.814802,
pos=(-34608.293737,-13922.461804,-41597.847171,),v=(4585.023178,-3102.593393,-3331.315018,
pos=(-29068.157207,29241.708330,458.417298,),v=(4613.027633,-31.764151,-602.837971,
pos=(23678.634909,45990.442250,-4747.898949,),v=(3974.555102,3415.000806,-2109.406771,
pos=(42743.953035,38594.184764,-42431.749214,),v=(2628.467450,2168.878032,4779.711612,
pos=(-25744.899398,-29614.623068,20067.735422,),v=(1005.510672,-3096.046023,4685.222222,
pos=(-35960.644337,-46215.093367,37934.914738,),v=(4134.511817,2415.713425,4859.633017,
pos=(-33159.153016,43125.521528,14814.301797,),v=(-528.485186,-222.953230,419.171264,
pos=(12611.417874,-27333.475453,-8293.935637,),v=(2600.466389,-1610.484666,-4981.220444,
pos=(-11441.713460,-20096.595339,-45939.461140,),v=(3741.228068,387.847407,2080.308472,
pos=(-39813779148451784.000000,-35634097126236832.000000,-35186242816048252.000000,),v=(-1262486654.884950,-1129949807.402233,-1115748440.387121,
pos=(-39285940326350.320312,1493544959999.988281,-0.024068,),v=(-1247585.277979,47360.000000,-0.000000,
pos=(-11159268507193.589844,1104390719999.998047,-0.003689,),v=(-357289.367935,35020.000000,-0.000000,
pos=(-5745925423480.226562,939142079999.999268,-0.001396,),v=(-186945.757974,29780.000000,-0.000000,
pos=(-2311510807154.755371,759071519999.999756,-0.000395,),v=(-80524.917781,24070.000000,-0.000000,
pos=(560997850580.423096,409968000000.000000,-0.000010,),v=(-6899.167600,13000.000000,-0.000000,
pos=(1369034692769.958008,305268480000.000000,-0.000002,),v=(-2045.101066,9680.000000,-0.000000,
pos=(2856427941761.444336,214444800000.000000,-0.000000,),v=(-508.468361,6800.000000,-0.000000,
pos=(4488514788483.497070,171240480000.000000,-0.000000,),v=(-207.547296,5430.000000,-0.000000,
pos=(22459870786342185309569024.000000,-5501089416640750996684800.000000,36983803448429875115851776.000000,),v=(712197830617141888.000000,-174438401085767104.000000,1172748714118146560.000000,
pos=(26176714834752005495324672.000000,10530548467155043597942784.000000,31463411258506501467144192.000000,),v=(830058182228310656.000000,333921501368437504.000000,997698226106877824.000000,
pos=(54704608254099552099893248.000000,-55031221559895024558145536.000000,-862715132292383499091968.000000,),v=(1734671748290828032.000000,-1745028588276731904.000000,-27356517386237424.000000,
pos=(-22288725030035228807135232.000000,-43290853753555280612818944.000000,4469202464666153792831488.000000,),v=(-706770834285744128.000000,-1372743967324812544.000000,141717480487891744.000000,
pos=(-15407214265463023807234048.000000,-13911415102088530372853760.000000,15294679237440553573416960.000000,),v=(-488559559407122688.000000,-441128079087028416.000000,484991097077643136.000000,
pos=(39674380881275422565728256.000000,45637849149382405444861952.000000,-30925542424818377755197440.000000,),v=(1258066364829890304.000000,1447166703113343488.000000,-980642517276077568.000000,
pos=(13969065032493182742429696.000000,17952449325899081167405056.000000,-14735978784707971280535552.000000,),v=(442956146388038528.000000,569268433723334656.000000,-467274821940257920.000000,
pos=(24410783642502687923109888.000000,-31747728217548090230439936.000000,-10905849097303609636290560.000000,),v=(774060871464443520.000000,-1006713857735543296.000000,-345822206281824256.000000,
pos=(-54658807173436101523144704.000000,118465281058373500416294912.000000,35946523433500332093603840.000000,),v=(-1733219405550358272.000000,3756509419659230720.000000,1139856780615814784.000000,
pos=(11096146665821992757755904.000000,19489630866086511207514112.000000,44551981189918324420509696.000000,),v=(351856502594558336.000000,618012140603960960.000000,1412734055996902656.000000,
This took a total time of 0.000340 seconds
